Analysis of file: All_females_2pops.txt
Bootstrap Estimates (n = 1000; rn seed = 1994):

*** Analysis for Population INLAND ***

Heritabilities:

 Trait:        body        sub        mid       ilab       slab       post 
    H2:     0.53587    0.47764     0.3428   0.055535   0.033901    0.16314 
StdErr:    0.092558    0.10095     0.1218   0.087618   0.041663   0.088241 
Pr < 0:           0          0      0.002      0.265      0.193      0.027 
Pr > 1:           0          0          0          0          0          0 
  Fams:       151        120        156        156        156        158   


Phenotypic Covariance:

                body        sub        mid       ilab       slab       post 
    body      15.161     3.8675   -0.21968    0.11059    0.16285  -0.080565 
  StdErr      1.3195     2.2733    0.97519    0.93458    0.97036    0.91155 
 Pr <> 0           0      0.068      0.806      0.914      0.848       0.91 
Families       151        116        151        149        149        151   

     sub      3.8675     17.042    0.18218    0.14884   -0.27708   0.089702 
  StdErr      2.2733     1.7783     1.2778     1.1998     1.2292     1.1802 
 Pr <> 0       0.068          0      0.872      0.908       0.83      0.944 
Families       116        120        120        119        119        120   

     mid    -0.21968    0.18218     0.8005   0.019243   0.030316  -0.052772 
  StdErr     0.97519     1.2778    0.05932   0.073939    0.15715   0.065119 
 Pr <> 0       0.806      0.872          0      0.814       0.87      0.456 
Families       151        120        156        154        154        156   

    ilab     0.11059    0.14884   0.019243     0.5375   0.037313   0.028965 
  StdErr     0.93458     1.1998   0.073939   0.065801    0.12967   0.067151 
 Pr <> 0       0.914      0.908      0.814          0      0.744      0.668 
Families       149        119        154        156        156        156   

    slab     0.16285   -0.27708   0.030316   0.037313    0.75684   0.024765 
  StdErr     0.97036     1.2292    0.15715    0.12967    0.18606    0.13352 
 Pr <> 0       0.848       0.83       0.87      0.744          0      0.832 
Families       149        119        154        156        156        156   

    post   -0.080565   0.089702  -0.052772   0.028965   0.024765    0.54732 
  StdErr     0.91155     1.1802   0.065119   0.067151    0.13352   0.060427 
 Pr <> 0        0.91      0.944      0.456      0.668      0.832          0 
Families       151        120        156        156        156        158   


Phenotypic Correlation:

                body        sub        mid       ilab       slab       post 
    body           1    0.24699  -0.053388   0.049573    0.06084  -0.018713 
  StdErr                0.15188    0.28126    0.33256    0.29785    0.32089 
 Pr < -1                      0          0          0          0          0 
 Pr <> 0                  0.068      0.806      0.914      0.848       0.91 
 Pr >  1                      0      0.002      0.005      0.004      0.005 
   Boots                  1000       1000       1000       1000       1000  

     sub     0.24699          1    0.06298   0.064891  -0.065603    0.04375 
  StdErr     0.15188               0.35132    0.40735    0.34853    0.39235 
 Pr < -1           0                     0      0.001      0.004          0 
 Pr <> 0       0.068                 0.872      0.908       0.83      0.944 
 Pr >  1           0                 0.004      0.018          0       0.01 
   Boots       1000                  1000       1000       1000       1000  

     mid   -0.053388    0.06298          1   0.034427   0.056021  -0.076172 
  StdErr     0.28126    0.35132               0.11586    0.21089   0.095671 
 Pr < -1           0          0                     0          0          0 
 Pr <> 0       0.806      0.872                 0.814       0.87      0.456 
 Pr >  1       0.002      0.004                     0          0          0 
   Boots       1000       1000                  1000       1000       1000  

    ilab    0.049573   0.064891   0.034427          1   0.081196   0.060718 
  StdErr     0.33256    0.40735    0.11586               0.21642    0.12918 
 Pr < -1           0      0.001          0                     0          0 
 Pr <> 0       0.914      0.908      0.814                 0.744      0.668 
 Pr >  1       0.005      0.018          0                     0          0 
   Boots       1000       1000       1000                  1000       1000  

    slab     0.06084  -0.065603   0.056021   0.081196          1   0.058957 
  StdErr     0.29785    0.34853    0.21089    0.21642               0.21689 
 Pr < -1           0      0.004          0          0                     0 
 Pr <> 0       0.848       0.83       0.87      0.744                 0.832 
 Pr >  1       0.004          0          0          0                     0 
   Boots       1000       1000       1000       1000                  1000  

    post   -0.018713    0.04375  -0.076172   0.060718   0.058957          1 
  StdErr     0.32089    0.39235   0.095671    0.12918    0.21689            
 Pr < -1           0          0          0          0          0            
 Pr <> 0        0.91      0.944      0.456      0.668      0.832            
 Pr >  1       0.005       0.01          0          0          0            
   Boots       1000       1000       1000       1000       1000             



Genetic Covariance:

                body        sub        mid       ilab       slab       post 
    body       8.134     3.8385   0.091284    0.64617   0.057953    0.11152 
  StdErr      1.6135     1.7484    0.29101    0.22349    0.17208     0.1899 
 Pr <> 0           0      0.028      0.754      0.002      0.744      0.562 
Families       151        116        151        149        149        151   

     sub      3.8385     8.1087    0.28674    0.22679    0.22954    0.17443 
  StdErr      1.7484     1.7644    0.40407    0.29385    0.21532    0.23832 
 Pr <> 0       0.028          0      0.512      0.418      0.288      0.474 
Families       116        120        120        119        119        120   

     mid    0.091284    0.28674    0.27408   0.075548   0.043111  -0.097597 
  StdErr     0.29101    0.40407   0.098247   0.044615   0.059388   0.050295 
 Pr <> 0       0.754      0.512      0.002      0.086      0.464      0.058 
Families       151        120        156        154        154        156   

    ilab     0.64617    0.22679   0.075548   0.029725  -0.017466   0.031229 
  StdErr     0.22349    0.29385   0.044615   0.046496    0.03909   0.047273 
 Pr <> 0       0.002      0.418      0.086      0.265      0.662      0.522 
Families       149        119        154        156        156        156   

    slab    0.057953    0.22954   0.043111  -0.017466   0.022389   0.018982 
  StdErr     0.17208    0.21532   0.059388    0.03909   0.027151   0.029445 
 Pr <> 0       0.744      0.288      0.464      0.662      0.193      0.516 
Families       149        119        154        156        156        156   

    post     0.11152    0.17443  -0.097597   0.031229   0.018982   0.088941 
  StdErr      0.1899    0.23832   0.050295   0.047273   0.029445   0.048126 
 Pr <> 0       0.562      0.474      0.058      0.522      0.516      0.027 
Families       151        120        156        156        156        158   


Genetic Correlation:

                body        sub        mid       ilab       slab       post 
    body           1    0.48905   0.066126     1.4495    0.17136    0.15671 
  StdErr                0.23895    0.22437     1.6006    0.67401    0.35068 
 Pr < -1                      0   0.001002          0   0.012392  0.0020555 
 Pr <> 0                  0.028    0.75551  0.0027211    0.74845    0.55087 
 Pr >  1                  0.022   0.002004     0.5619   0.049566   0.013361 
   Boots                  1000        998        735        807        973  

     sub     0.48905          1     0.2126    0.55769    0.62189    0.25605 
  StdErr     0.23895               0.31594     1.6076    0.83694    0.73057 
 Pr < -1           0                     0   0.019048  0.0074349  0.0030832 
 Pr <> 0       0.028               0.51102    0.41905    0.28005    0.47893 
 Pr >  1       0.022              0.014028    0.17007    0.20198   0.024666 
   Boots       1000                   998        735        807        973  

     mid    0.066126     0.2126          1    0.98505    0.70221    -0.7877 
  StdErr     0.22437    0.31594                1.2632     1.3759    0.82354 
 Pr < -1    0.001002          0                     0   0.024814    0.24099 
 Pr <> 0     0.75551    0.51102              0.084584    0.43672   0.057673 
 Pr >  1    0.002004   0.014028               0.31105    0.28164          0 
   Boots        998        998                   733        806        971  

    ilab      1.4495    0.55769    0.98505          1    -1.0438     0.9917 
  StdErr      1.6006     1.6076     1.2632                3.9521     4.0633 
 Pr < -1           0   0.019048          0               0.33788    0.04073 
 Pr <> 0   0.0027211    0.41905   0.084584               0.63481    0.51685 
 Pr >  1      0.5619    0.17007    0.31105              0.095563    0.29916 
   Boots        735        735        733                   586        712  

    slab     0.17136    0.62189    0.70221    -1.0438          1    0.58376 
  StdErr     0.67401    0.83694     1.3759     3.9521                1.9137 
 Pr < -1    0.012392  0.0074349   0.024814    0.33788              0.034395 
 Pr <> 0     0.74845    0.28005    0.43672    0.63481               0.54268 
 Pr >  1    0.049566    0.20198    0.28164   0.095563               0.20892 
   Boots        807        807        806        586                   785  

    post     0.15671    0.25605    -0.7877     0.9917    0.58376          1 
  StdErr     0.35068    0.73057    0.82354     4.0633     1.9137            
 Pr < -1   0.0020555  0.0030832    0.24099    0.04073   0.034395            
 Pr <> 0     0.55087    0.47893   0.057673    0.51685    0.54268            
 Pr >  1    0.013361   0.024666          0    0.29916    0.20892            
   Boots        973        973        971        712        785             



Environmental Covariance:

                body        sub        mid       ilab       slab       post 
    body      7.0269   0.029012   -0.31096   -0.53557    0.10489   -0.19208 
  StdErr      1.4847     2.5789      1.017    0.91981    0.97862    0.93369 
 Pr <> 0           0      0.984       0.75      0.552      0.888      0.838 
Families       151        116        151        149        149        151   

     sub    0.029012     8.9334   -0.10456  -0.077944   -0.50661  -0.084724 
  StdErr      2.5789     2.0817     1.3136     1.2164     1.2594     1.1521 
 Pr <> 0       0.984          0      0.928      0.932      0.658       0.94 
Families       116        120        120        119        119        120   

     mid    -0.31096   -0.10456    0.52642  -0.056306  -0.012795   0.044825 
  StdErr       1.017     1.3136    0.10651   0.078699    0.14305   0.077234 
 Pr <> 0        0.75      0.928          0      0.482      0.922      0.586 
Families       151        120        156        154        154        156   

    ilab    -0.53557  -0.077944  -0.056306    0.50778    0.05478 -0.0022643 
  StdErr     0.91981     1.2164   0.078699   0.078735    0.14705   0.078146 
 Pr <> 0       0.552      0.932      0.482          0      0.702      0.972 
Families       149        119        154        156        156        156   

    slab     0.10489   -0.50661  -0.012795    0.05478    0.73445  0.0057832 
  StdErr     0.97862     1.2594    0.14305    0.14705    0.19613    0.13102 
 Pr <> 0       0.888      0.658      0.922      0.702          0      0.964 
Families       149        119        154        156        156        156   

    post    -0.19208  -0.084724   0.044825 -0.0022643  0.0057832    0.45838 
  StdErr     0.93369     1.1521   0.077234   0.078146    0.13102   0.071887 
 Pr <> 0       0.838       0.94      0.586      0.972      0.964          0 
Families       151        120        156        156        156        158   


Environmental Correlation:

                body        sub        mid       ilab       slab       post 
    body           1   0.018184   -0.15082   -0.27867   0.063055  -0.095551 
  StdErr                0.34806    0.55408    0.49267     0.4595    0.53944 
 Pr < -1                  0.003      0.057      0.071      0.005      0.036 
 Pr <> 0                  0.984       0.75      0.552      0.888      0.838 
 Pr >  1                  0.007      0.024      0.007       0.03      0.024 
   Boots                  1000       1000       1000       1000       1000  

     sub    0.018184          1  -0.017066 -0.0057496   -0.18248  -0.013902 
  StdErr     0.34806                 0.644    0.60967    0.50944    0.59142 
 Pr < -1       0.003                 0.055      0.036      0.044      0.039 
 Pr <> 0       0.984                 0.928      0.932      0.658       0.94 
 Pr >  1       0.007                 0.057      0.058      0.015      0.049 
   Boots       1000                  1000       1000       1000       1000  

     mid    -0.15082  -0.017066          1   -0.10393 0.00058668   0.099884 
  StdErr     0.55408      0.644               0.15296    0.23886    0.16717 
 Pr < -1       0.057      0.055                     0          0          0 
 Pr <> 0        0.75      0.928                 0.482      1.078      0.586 
 Pr >  1       0.024      0.057                     0      0.002          0 
   Boots       1000       1000                  1000       1000       1000  

    ilab    -0.27867 -0.0057496   -0.10393          1    0.11586  0.0037232 
  StdErr     0.49267    0.60967    0.15296               0.25958    0.16573 
 Pr < -1       0.071      0.036          0                     0          0 
 Pr <> 0       0.552      0.932      0.482                 0.702      1.028 
 Pr >  1       0.007      0.058          0                 0.006          0 
   Boots       1000       1000       1000                  1000       1000  

    slab    0.063055   -0.18248 0.00058668    0.11586          1   0.033045 
  StdErr      0.4595    0.50944    0.23886    0.25958               0.23562 
 Pr < -1       0.005      0.044          0          0                     0 
 Pr <> 0       0.888      0.658      1.078      0.702                 0.964 
 Pr >  1        0.03      0.015      0.002      0.006                 0.001 
   Boots       1000       1000       1000       1000                  1000  

    post   -0.095551  -0.013902   0.099884  0.0037232   0.033045          1 
  StdErr     0.53944    0.59142    0.16717    0.16573    0.23562            
 Pr < -1       0.036      0.039          0          0          0            
 Pr <> 0       0.838       0.94      0.586      1.028      0.964            
 Pr >  1       0.024      0.049          0          0      0.001            
   Boots       1000       1000       1000       1000       1000             


*** Analysis for Population COAST ***

Heritabilities:

 Trait:        body        sub        mid       ilab       slab       post 
    H2:     0.44015    0.58457   0.023301    0.30081    0.39878    0.21957 
StdErr:     0.13957    0.17879    0.15712     0.1101    0.13191     0.1055 
Pr < 0:           0          0      0.439      0.005      0.003      0.011 
Pr > 1:           0      0.015          0          0          0          0 
  Fams:        92         83        102        100         99        102   


Phenotypic Covariance:

                body        sub        mid       ilab       slab       post 
    body      15.621     4.3163   0.063043    0.27949    0.29871    0.36773 
  StdErr      2.0187     2.9923     1.4538     1.5481     1.5677     1.4997 
 Pr <> 0           0      0.144      0.956      0.904       0.87       0.85 
Families        92         75         92         89         89         91   

     sub      4.3163     13.405   -0.38895    0.29868   -0.03029  -0.050334 
  StdErr      2.9923     1.6107     1.0369     1.1497     1.1458     1.1251 
 Pr <> 0       0.144          0      0.728      0.788       0.99      0.996 
Families        75         83         82         81         80         82   

     mid    0.063043   -0.38895    0.21642    0.10496   0.052558   0.013985 
  StdErr      1.4538     1.0369   0.038277   0.088495   0.064366   0.056919 
 Pr <> 0       0.956      0.728          0      0.224      0.434      0.832 
Families        92         82        102         99         98        101   

    ilab     0.27949    0.29868    0.10496     1.1869    0.21944   0.038284 
  StdErr      1.5481     1.1497   0.088495   0.076644    0.11184   0.086536 
 Pr <> 0       0.904      0.788      0.224          0      0.038      0.628 
Families        89         81         99        100         99        100   

    slab     0.29871   -0.03029   0.052558    0.21944     0.9136   0.059076 
  StdErr      1.5677     1.1458   0.064366    0.11184   0.056653   0.080814 
 Pr <> 0        0.87       0.99      0.434      0.038          0      0.464 
Families        89         80         98         99         99         99   

    post     0.36773  -0.050334   0.013985   0.038284   0.059076    0.44768 
  StdErr      1.4997     1.1251   0.056919   0.086536   0.080814   0.057846 
 Pr <> 0        0.85      0.996      0.832      0.628      0.464          0 
Families        91         82        101        100         99        102   


Phenotypic Correlation:

                body        sub        mid       ilab       slab       post 
    body           1    0.31046   0.073172   0.080083   0.098265    0.16726 
  StdErr                0.22235    0.81265    0.36358    0.42508    0.59026 
 Pr < -1                      0      0.084          0      0.001      0.011 
 Pr <> 0                  0.144      0.956      0.904       0.87       0.85 
 Pr >  1                  0.002      0.121      0.008      0.034      0.089 
   Boots                  1000       1000       1000       1000       1000  

     sub     0.31046          1   -0.20245   0.087393  0.0046862 -0.00016549 
  StdErr     0.22235                0.6115    0.29011    0.32706    0.45965 
 Pr < -1           0                 0.098          0          0      0.014 
 Pr <> 0       0.144                 0.728      0.788       1.01      0.996 
 Pr >  1       0.002                 0.032          0      0.001      0.014 
   Boots       1000                  1000       1000       1000       1000  

     mid    0.073172   -0.20245          1    0.21568    0.12572   0.057604 
  StdErr     0.81265     0.6115               0.18553    0.15327    0.19225 
 Pr < -1       0.084      0.098                     0          0          0 
 Pr <> 0       0.956      0.728                 0.224      0.434      0.832 
 Pr >  1       0.121      0.032                     0          0          0 
   Boots       1000       1000                  1000       1000       1000  

    ilab    0.080083   0.087393    0.21568          1    0.21345   0.057104 
  StdErr     0.36358    0.29011    0.18553               0.11237    0.12143 
 Pr < -1           0          0          0                     0          0 
 Pr <> 0       0.904      0.788      0.224                 0.038      0.628 
 Pr >  1       0.008          0          0                     0          0 
   Boots       1000       1000       1000                  1000       1000  

    slab    0.098265  0.0046862    0.12572    0.21345          1   0.097903 
  StdErr     0.42508    0.32706    0.15327    0.11237               0.13096 
 Pr < -1       0.001          0          0          0                     0 
 Pr <> 0        0.87       1.01      0.434      0.038                 0.464 
 Pr >  1       0.034      0.001          0          0                     0 
   Boots       1000       1000       1000       1000                  1000  

    post     0.16726 -0.00016549   0.057604   0.057104   0.097903          1 
  StdErr     0.59026    0.45965    0.19225    0.12143    0.13096            
 Pr < -1       0.011      0.014          0          0          0            
 Pr <> 0        0.85      0.996      0.832      0.628      0.464            
 Pr >  1       0.089      0.014          0          0          0            
   Boots       1000       1000       1000       1000       1000             



Genetic Covariance:

                body        sub        mid       ilab       slab       post 
    body      6.7945      0.207  -0.034608     1.1832    0.28915  -0.030414 
  StdErr      2.0581     1.6156    0.25477    0.44694    0.37441    0.18922 
 Pr <> 0           0      0.876      0.934      0.008      0.408      0.906 
Families        92         75         92         89         89         91   

     sub       0.207     7.8437  -0.018693   0.018047    0.12492   -0.10332 
  StdErr      1.6156     2.5998    0.28842    0.44498    0.35824    0.24084 
 Pr <> 0       0.876          0      0.938      1.004      0.738      0.696 
Families        75         83         82         81         80         82   

     mid   -0.034608  -0.018693  0.0053221   0.042276    0.10305   0.023423 
  StdErr     0.25477    0.28842   0.033352   0.060617   0.055101   0.039261 
 Pr <> 0       0.934      0.938      0.439      0.476      0.054       0.59 
Families        92         82        102         99         98        101   

    ilab      1.1832   0.018047   0.042276    0.35613    0.46979 -0.0001733 
  StdErr     0.44694    0.44498   0.060617    0.12945    0.10962   0.061765 
 Pr <> 0       0.008      1.004      0.476      0.005          0      1.006 
Families        89         81         99        100         99        100   

    slab     0.28915    0.12492    0.10305    0.46979    0.36471   0.046936 
  StdErr     0.37441    0.35824   0.055101    0.10962    0.12367   0.056144 
 Pr <> 0       0.408      0.738      0.054          0      0.003       0.43 
Families        89         80         98         99         99         99   

    post   -0.030414   -0.10332   0.023423 -0.0001733   0.046936   0.097395 
  StdErr     0.18922    0.24084   0.039261   0.061765   0.056144   0.046538 
 Pr <> 0       0.906      0.696       0.59      1.006       0.43      0.011 
Families        91         82        101        100         99        102   


Genetic Correlation:

                body        sub        mid       ilab       slab       post 
    body           1   0.033032   -0.13258    0.85899    0.20578  -0.050906 
  StdErr                0.25398     1.4342    0.49662    0.30794     0.4562 
 Pr < -1                  0.001    0.13904          0          0  0.0070779 
 Pr <> 0                  0.876    0.93405  0.0080402    0.40722    0.90799 
 Pr >  1                  0.001   0.089127    0.27839   0.012036  0.0060667 
   Boots                  1000        561        995        997        989  

     sub    0.033032          1  -0.044836  0.0087263     0.0887    -0.1597 
  StdErr     0.25398                1.2871    0.33123    0.25809    0.41327 
 Pr < -1       0.001                0.1016  0.0090452          0   0.025278 
 Pr <> 0       0.876               0.94474      1.003    0.73821    0.69161 
 Pr >  1       0.001              0.098039  0.0060302   0.004012  0.0020222 
   Boots       1000                   561        995        997        989  

     mid    -0.13258  -0.044836          1    0.68708      1.572    0.70227 
  StdErr      1.4342     1.2871                1.4312     1.8241     2.9267 
 Pr < -1     0.13904     0.1016              0.037702          0   0.048649 
 Pr <> 0     0.93405    0.94474               0.47756   0.053763    0.59099 
 Pr >  1    0.089127   0.098039               0.24955    0.56452    0.28468 
   Boots        561        561                   557        558        555  

    ilab     0.85899  0.0087263    0.68708          1      1.506  0.0073183 
  StdErr     0.49662    0.33123     1.4312               0.94566    0.51748 
 Pr < -1           0  0.0090452   0.037702                     0   0.020325 
 Pr <> 0   0.0080402      1.003    0.47756                     0     0.9939 
 Pr >  1     0.27839  0.0060302    0.24955               0.80242   0.018293 
   Boots        995        995        557                   992        984  

    slab     0.20578     0.0887      1.572      1.506          1    0.30441 
  StdErr     0.30794    0.25809     1.8241    0.94566               0.43478 
 Pr < -1           0          0          0          0             0.0010142 
 Pr <> 0     0.40722    0.73821   0.053763          0               0.43002 
 Pr >  1    0.012036   0.004012    0.56452    0.80242              0.054767 
   Boots        997        997        558        992                   986  

    post   -0.050906    -0.1597    0.70227  0.0073183    0.30441          1 
  StdErr      0.4562    0.41327     2.9267    0.51748    0.43478            
 Pr < -1   0.0070779   0.025278   0.048649   0.020325  0.0010142            
 Pr <> 0     0.90799    0.69161    0.59099     0.9939    0.43002            
 Pr >  1   0.0060667  0.0020222    0.28468   0.018293   0.054767            
   Boots        989        989        555        984        986             



Environmental Covariance:

                body        sub        mid       ilab       slab       post 
    body      8.8265     4.1093   0.097652   -0.90375  0.0095589    0.39814 
  StdErr      2.7085     3.3672     1.5318     1.5975     1.6546     1.5318 
 Pr <> 0           0      0.228      0.964      0.596      1.068       0.85 
Families        92         75         92         89         89         91   

     sub      4.1093     5.5613   -0.37026    0.28063   -0.15521   0.052981 
  StdErr      3.3672     2.4601     1.0893     1.2305     1.1603     1.1331 
 Pr <> 0       0.228      0.015      0.748      0.802      0.884      0.916 
Families        75         83         82         81         80         82   

     mid    0.097652   -0.37026     0.2111   0.062688  -0.050488 -0.0094378 
  StdErr      1.5318     1.0893   0.048975    0.10639   0.081567   0.061614 
 Pr <> 0       0.964      0.748          0       0.58       0.54      0.848 
Families        92         82        102         99         98        101   

    ilab    -0.90375    0.28063   0.062688    0.83075   -0.25035   0.038457 
  StdErr      1.5975     1.2305    0.10639    0.14536     0.1258   0.097152 
 Pr <> 0       0.596      0.802       0.58          0      0.052       0.68 
Families        89         81         99        100         99        100   

    slab   0.0095589   -0.15521  -0.050488   -0.25035    0.54889   0.012139 
  StdErr      1.6546     1.1603   0.081567     0.1258     0.1236   0.084895 
 Pr <> 0       1.068      0.884       0.54      0.052          0      0.882 
Families        89         80         98         99         99         99   

    post     0.39814   0.052981 -0.0094378   0.038457   0.012139    0.35029 
  StdErr      1.5318     1.1331   0.061614   0.097152   0.084895   0.069895 
 Pr <> 0        0.85      0.916      0.848       0.68      0.882          0 
Families        91         82        101        100         99        102   


Environmental Correlation:

                body        sub        mid       ilab       slab       post 
    body           1    0.71577    0.17131   -0.31098   0.065406    0.31443 
  StdErr                0.89108     1.2232     0.6036    0.84233    0.98753 
 Pr < -1              0.0010152      0.149      0.111      0.072      0.055 
 Pr <> 0                0.23147      0.964      0.596      1.068       0.85 
 Pr >  1                0.27411      0.226      0.025      0.126      0.203 
   Boots                   985       1000       1000       1000       1000  

     sub     0.71577          1   -0.31415    0.18822  -0.037752   0.097977 
  StdErr     0.89108                1.2028    0.83971     1.0806     1.1692 
 Pr < -1   0.0010152               0.26396   0.031472    0.08731    0.10558 
 Pr <> 0     0.23147               0.74924    0.80812    0.88528     0.9198 
 Pr >  1     0.27411               0.11066   0.091371   0.083249    0.15431 
   Boots        985                   985        985        985        985  

     mid     0.17131   -0.31415          1    0.16166   -0.14742  -0.020086 
  StdErr      1.2232     1.2028               0.27133    0.24728    0.23759 
 Pr < -1       0.149    0.26396                     0          0          0 
 Pr <> 0       0.964    0.74924                  0.58       0.54      0.848 
 Pr >  1       0.226    0.11066                 0.003          0          0 
   Boots       1000        985                  1000       1000       1000  

    ilab    -0.31098    0.18822    0.16166          1    -0.3843   0.080516 
  StdErr      0.6036    0.83971    0.27133               0.22991    0.19027 
 Pr < -1       0.111   0.031472          0                 0.005          0 
 Pr <> 0       0.596    0.80812       0.58                 0.052       0.68 
 Pr >  1       0.025   0.091371      0.003                     0          0 
   Boots       1000        985       1000                  1000       1000  

    slab    0.065406  -0.037752   -0.14742    -0.3843          1   0.038829 
  StdErr     0.84233     1.0806    0.24728    0.22991               0.21734 
 Pr < -1       0.072    0.08731          0      0.005                     0 
 Pr <> 0       1.068    0.88528       0.54      0.052                 0.882 
 Pr >  1       0.126   0.083249          0          0                 0.001 
   Boots       1000        985       1000       1000                  1000  

    post     0.31443   0.097977  -0.020086   0.080516   0.038829          1 
  StdErr     0.98753     1.1692    0.23759    0.19027    0.21734            
 Pr < -1       0.055    0.10558          0          0          0            
 Pr <> 0        0.85     0.9198      0.848       0.68      0.882            
 Pr >  1       0.203    0.15431          0          0      0.001            
   Boots       1000        985       1000       1000       1000             


